15
3
4
0
0
-2
0
0
0
3
0
0
0
1
0
0
0
3
0
4
0.00678280275630895
0
0.887068648457849
4
0.737247783568337
0.844231659473959
0.0401895553992081
0.318656826074541
0.00678280275630895
0
0.918365210488133
4
0.582285365826583
0.0351695968001939
0.633552989751824
0.946355259952301
0.00678280275630895
0
0.570352108957308
4
0.906872224484977
0.0834241030194909
0.463296081620872
0.458893715152002
0.00678280275630895
0
0.619621120843894
4
0.616998684879857
0.202292935551281
0.490159722738974
0.206038809011708
3
1.22721154584209
-0.00809303977612163
0.923691575118887
4
-0.650630973684878
-0.213540878370644
2.10362765848088
0.701130088721082
-2.42638354996165
0.000873014456114078
0.0377271183800982
4
-0.357321366539637
-0.702734813429861
-0.330075764860014
0.61616933426329
2.01057336072453
-0.000240661227738458
0.998730802513807
4
1.25863533696008
2.02048339381044
0.456167739613722
2.2808420261224
